# X Z alpha M alpha_nu logL Teff log<L> <Teff> ndom Pdom       
0.6 0.002 1.5 1.0 0.00 3.250 3819 3.261 3784  1   36.9
0.6 0.002 1.5 1.0 0.01 3.260 3811 3.270 3776  1   37.6
0.6 0.002 1.5 1.0 0.02 3.300 3778 3.309 3739  1   41.8
0.6 0.002 1.5 1.0 0.05 3.310 3771 3.317 3732  1   43.0
0.6 0.002 1.5 1.0 0.10 3.365 3726 3.372 3675  1   49.3
0.6 0.002 1.5 1.0 0.20 3.465 3643 3.465 3624  1   64.7
0.6 0.002 1.5 2.6 0.00 4.100 3588 4.102 3520  0  257.1
0.6 0.002 1.5 2.6 0.01 4.115 3575 4.116 3510  0  266.8
0.6 0.002 1.5 2.6 0.02 4.135 3559 4.136 3488  0  281.2
0.6 0.002 1.5 2.6 0.05 4.155 3542 4.156 3456  0  295.7
0.6 0.002 1.5 2.6 0.10 4.190 3512 4.189 3406  0  330.5
0.6 0.002 1.5 2.6 0.20 4.230 3479 4.230 3402  0  370.7
0.6 0.002 2.0 1.0 0.00 3.375 4087 3.374 4011  1   37.7
0.6 0.002 2.0 1.0 0.01 3.400 4067 3.399 3987  1   40.3
0.6 0.002 2.0 1.0 0.02 3.415 4055 3.413 3972  1   41.9
0.6 0.002 2.0 1.0 0.05 3.450 4026 3.447 3946  1   45.8
0.6 0.002 2.0 1.0 0.10 3.520 3971 3.517 3884  1   55.1
0.6 0.002 2.0 1.0 0.20 3.680 3847 3.682 3727  0  180.4
0.6 0.002 2.0 2.6 0.00 4.170 3891 4.171 3766  0  238.1
0.6 0.002 2.0 2.6 0.01 4.195 3872 4.196 3737  0  254.5
0.6 0.002 2.0 2.6 0.02 4.210 3859 4.210 3721  0  264.5
0.6 0.002 2.0 2.6 0.05 4.235 3840 4.235 3696  0  284.4
0.6 0.002 2.0 2.6 0.10 4.275 3807 4.275 3670  0  312.9
0.6 0.002 2.0 2.6 0.20 4.305 3784 4.305 3641  0  347.2
0.6 0.002 2.5 1.0 0.00 3.480 4295 3.473 4189  1   39.4
0.6 0.002 2.5 1.0 0.01 3.495 4282 3.488 4173  1   40.9
0.6 0.002 2.5 1.0 0.02 3.515 4264 3.508 4153  1   43.3
0.6 0.002 2.5 1.0 0.05 3.560 4222 3.554 4109  1   49.1
0.6 0.002 2.5 1.0 0.10 3.630 4159 3.626 4040  1   58.9
0.6 0.002 2.5 1.0 0.20 3.755 4053 3.756 3921  0  175.0
0.6 0.002 2.5 2.6 0.00 4.265 4077 4.265 3937  0  244.4
0.6 0.002 2.5 2.6 0.01 4.270 4072 4.270 3928  0  249.4
0.6 0.002 2.5 2.6 0.02 4.280 4064 4.280 3916  0  258.6
0.6 0.002 2.5 2.6 0.05 4.325 4026 4.325 3890  0  289.1
0.6 0.002 2.5 2.6 0.10 4.340 4014 4.340 3883  0  302.3
0.6 0.002 2.5 2.6 0.20 4.380 3981 4.380 3862  0  336.7
0.6 0.006 1.5 1.0 0.00 3.240 3499 3.249 3451  1   48.1
0.6 0.006 1.5 1.0 0.01 3.250 3490 3.260 3440  1   49.4
0.6 0.006 1.5 1.0 0.02 3.295 3447 3.305 3399  1   56.5
0.6 0.006 1.5 1.0 0.05 3.300 3443 3.308 3395  1   57.0
0.6 0.006 1.5 1.0 0.10 3.350 3395 3.355 3354  0  131.5
0.6 0.006 1.5 1.0 0.20 3.580 3181 3.582 3112  0  248.2
0.6 0.006 1.5 2.6 0.00 4.065 3264 4.067 3202  0  316.8
0.6 0.006 1.5 2.6 0.01 4.070 3260 4.077 3180  0  321.6
0.6 0.006 1.5 2.6 0.02 4.070 3260 4.078 3179  0  323.6
0.6 0.006 1.5 2.6 0.05 4.095 3237 4.097 3136  0  358.7
0.6 0.006 1.5 2.6 0.10 4.125 3210 4.124 3133  0  388.2
0.6 0.006 1.5 2.6 0.20 4.165 3174 4.165 3117  0  434.9
0.6 0.006 2.0 1.0 0.00 3.325 3824 3.323 3731  1   43.1
0.6 0.006 2.0 1.0 0.01 3.345 3806 3.341 3720  1   45.2
0.6 0.006 2.0 1.0 0.02 3.375 3781 3.371 3688  1   49.4
0.6 0.006 2.0 1.0 0.05 3.410 3751 3.406 3656  1   54.1
0.6 0.006 2.0 1.0 0.10 3.485 3686 3.483 3606  1   66.8
0.6 0.006 2.0 1.0 0.20 3.670 3523 3.671 3358  0  239.2
0.6 0.006 2.0 2.6 0.00 4.155 3592 4.154 3440  0  302.9
0.6 0.006 2.0 2.6 0.01 4.165 3583 4.165 3430  0  310.5
0.6 0.006 2.0 2.6 0.02 4.175 3574 4.173 3418  0  317.2
0.6 0.006 2.0 2.6 0.05 4.205 3547 4.204 3388  0  349.5
0.6 0.006 2.0 2.6 0.10 4.240 3516 4.238 3346  0  390.5
0.6 0.006 2.0 2.6 0.20 4.265 3494 4.264 3297  0  426.4
0.6 0.006 2.5 1.0 0.00 3.420 4017 3.413 3918  1   43.4
0.6 0.006 2.5 1.0 0.01 3.435 4005 3.428 3904  1   45.2
0.6 0.006 2.5 1.0 0.02 3.450 3992 3.443 3890  1   47.3
0.6 0.006 2.5 1.0 0.05 3.505 3946 3.500 3839  1   54.8
0.6 0.006 2.5 1.0 0.10 3.575 3890 3.571 3770  1   66.0
0.6 0.006 2.5 1.0 0.20 3.725 3771 3.728 3600  0  215.5
0.6 0.006 2.5 2.6 0.00 4.215 3824 4.215 3646  0  284.1
0.6 0.006 2.5 2.6 0.01 4.220 3819 4.221 3642  0  287.8
0.6 0.006 2.5 2.6 0.02 4.235 3807 4.235 3616  0  301.7
0.6 0.006 2.5 2.6 0.05 4.270 3779 4.270 3590  0  332.1
0.6 0.006 2.5 2.6 0.10 4.295 3759 4.295 3577  0  356.0
0.6 0.006 2.5 2.6 0.20 4.330 3731 4.330 3547  0  396.5
0.6 0.010 1.5 1.0 0.00 3.250 3311 3.264 3258  1   58.8
0.6 0.010 1.5 1.0 0.01 3.255 3306 3.268 3256  1   59.5
0.6 0.010 1.5 1.0 0.02 3.255 3306 3.267 3256  1   59.5
0.6 0.010 1.5 1.0 0.05 3.290 3273 3.298 3234  1   65.9
0.6 0.010 1.5 1.0 0.10 3.325 3239 3.332 3201  0  146.0
0.6 0.010 1.5 1.0 0.20 3.585 2990 3.591 2921  0  296.9
0.6 0.010 1.5 2.6 0.00 4.030 3120 4.036 3022  0  344.2
0.6 0.010 1.5 2.6 0.01 4.025 3125 4.036 3024  0  340.1
0.6 0.010 1.5 2.6 0.02 4.050 3102 4.051 2962  0  373.5
0.6 0.010 1.5 2.6 0.05 4.060 3092 4.062 2949  0  391.2
0.6 0.010 1.5 2.6 0.10 4.100 3054 4.102 2935  0  430.8
0.6 0.010 1.5 2.6 0.20 4.145 3013 4.145 2965  0  494.5
0.6 0.010 2.0 1.0 0.00 3.350 3639 3.347 3535  1   53.8
0.6 0.010 2.0 1.0 0.01 3.355 3634 3.350 3536  1   54.1
0.6 0.010 2.0 1.0 0.02 3.365 3625 3.360 3523  1   55.7
0.6 0.010 2.0 1.0 0.05 3.415 3579 3.411 3467  1   64.1
0.6 0.010 2.0 1.0 0.10 3.525 3477 3.525 3356  0  184.4
0.6 0.010 2.0 1.0 0.20 3.655 3355 3.657 3149  0  270.5
0.6 0.010 2.0 2.6 0.00 4.140 3435 4.140 3264  0  334.2
0.6 0.010 2.0 2.6 0.01 4.150 3425 4.150 3243  0  344.4
0.6 0.010 2.0 2.6 0.02 4.165 3411 4.164 3232  0  362.9
0.6 0.010 2.0 2.6 0.05 4.190 3387 4.189 3183  0  395.0
0.6 0.010 2.0 2.6 0.10 4.220 3358 4.219 3168  0  433.8
0.6 0.010 2.0 2.6 0.20 4.240 3339 4.239 3120  0  477.2
0.6 0.010 2.5 1.0 0.00 3.405 3882 3.397 3775  1   47.5
0.6 0.010 2.5 1.0 0.01 3.415 3873 3.407 3767  1   49.1
0.6 0.010 2.5 1.0 0.02 3.435 3857 3.426 3726  1   52.0
0.6 0.010 2.5 1.0 0.05 3.490 3812 3.484 3695  1   59.9
0.6 0.010 2.5 1.0 0.10 3.570 3745 3.568 3639  0  151.8
0.6 0.010 2.5 1.0 0.20 3.725 3612 3.726 3411  0  251.8
0.6 0.010 2.5 2.6 0.00 4.195 3693 4.195 3473  0  312.9
0.6 0.010 2.5 2.6 0.01 4.215 3676 4.215 3445  0  328.1
0.6 0.010 2.5 2.6 0.02 4.235 3658 4.234 3438  0  349.5
0.6 0.010 2.5 2.6 0.05 4.265 3632 4.264 3399  0  382.3
0.6 0.010 2.5 2.6 0.10 4.285 3615 4.284 3403  0  404.1
0.6 0.010 2.5 2.6 0.20 4.320 3583 4.319 3279  0  479.8
0.7 0.002 1.5 1.0 0.00 3.220 3751 3.232 3716  1   36.9
0.7 0.002 1.5 1.0 0.01 3.230 3743 3.241 3708  1   37.8
0.7 0.002 1.5 1.0 0.02 3.230 3743 3.240 3710  1   37.9
0.7 0.002 1.5 1.0 0.05 3.290 3694 3.298 3657  1   44.2
0.7 0.002 1.5 1.0 0.10 3.315 3674 3.321 3638  1   46.8
0.7 0.002 1.5 1.0 0.20 3.525 3497 3.525 3437  1   79.3
0.7 0.002 1.5 2.6 0.00 4.020 3565 4.021 3490  0  235.1
0.7 0.002 1.5 2.6 0.01 4.035 3552 4.035 3468  1  115.4
0.7 0.002 1.5 2.6 0.02 4.055 3535 4.055 3447  1  121.9
0.7 0.002 1.5 2.6 0.05 4.080 3515 4.080 3428  1  130.4
0.7 0.002 1.5 2.6 0.10 4.120 3481 4.120 3403  1  145.8
0.7 0.002 1.5 2.6 0.20 4.255 3369 4.254 3300  0  445.0
0.7 0.002 2.0 1.0 0.00 3.350 4014 3.350 3953  1   38.0
0.7 0.002 2.0 1.0 0.01 3.355 4011 3.354 3955  1   38.3
0.7 0.002 2.0 1.0 0.02 3.370 3999 3.369 3940  1   39.8
0.7 0.002 2.0 1.0 0.05 3.415 3964 3.414 3899  1   44.6
0.7 0.002 2.0 1.0 0.10 3.495 3901 3.494 3827  1   55.0
0.7 0.002 2.0 1.0 0.20 3.650 3782 3.650 3690  1   81.1
0.7 0.002 2.0 2.6 0.00 4.100 3861 4.100 3743  0  218.2
0.7 0.002 2.0 2.6 0.01 4.120 3845 4.120 3718  0  231.2
0.7 0.002 2.0 2.6 0.02 4.135 3834 4.135 3694  0  242.5
0.7 0.002 2.0 2.6 0.05 4.170 3806 4.170 3663  0  268.2
0.7 0.002 2.0 2.6 0.10 4.225 3763 4.225 3625  0  311.6
0.7 0.002 2.0 2.6 0.20 4.315 3692 4.314 3518  0  403.0
0.7 0.002 2.5 1.0 0.00 3.445 4218 3.438 4097  1   38.9
0.7 0.002 2.5 1.0 0.01 3.470 4196 3.464 4093  1   41.4
0.7 0.002 2.5 1.0 0.02 3.480 4187 3.474 4086  1   42.4
0.7 0.002 2.5 1.0 0.05 3.520 4151 3.515 4057  1   47.1
0.7 0.002 2.5 1.0 0.10 3.595 4088 3.592 4006  1   56.8
0.7 0.002 2.5 1.0 0.20 3.725 3982 3.725 3927  1   77.2
0.7 0.002 2.5 2.6 0.00 4.195 4042 4.194 3897  0  225.6
0.7 0.002 2.5 2.6 0.01 4.205 4034 4.205 3884  0  233.9
0.7 0.002 2.5 2.6 0.02 4.220 4023 4.220 3865  0  244.2
0.7 0.002 2.5 2.6 0.05 4.260 3990 4.260 3827  0  273.9
0.7 0.002 2.5 2.6 0.10 4.315 3947 4.315 3780  0  319.0
0.7 0.002 2.5 2.6 0.20 4.380 3897 4.379 3727  0  380.5
0.7 0.006 1.5 1.0 0.00 3.215 3418 3.220 3382  1   48.6
0.7 0.006 1.5 1.0 0.01 3.220 3414 3.227 3376  1   50.0
0.7 0.006 1.5 1.0 0.02 3.225 3409 3.230 3373  1   50.4
0.7 0.006 1.5 1.0 0.05 3.255 3381 3.262 3343  1   54.7
0.7 0.006 1.5 1.0 0.10 3.295 3343 3.301 3304  1   60.7
0.7 0.006 1.5 1.0 0.20 3.535 3117 3.535 3065  1  114.2
0.7 0.006 1.5 2.6 0.00 3.990 3237 3.990 3156  1  141.1
0.7 0.006 1.5 2.6 0.01 4.000 3228 4.000 3149  1  144.6
0.7 0.006 1.5 2.6 0.02 4.010 3220 4.009 3142  1  148.6
0.7 0.006 1.5 2.6 0.05 4.030 3201 4.030 3127  1  157.0
0.7 0.006 1.5 2.6 0.10 4.080 3156 4.079 3097  1  179.4
0.7 0.006 1.5 2.6 0.20 4.225 3027 4.224 2965  0  608.5
0.7 0.006 2.0 1.0 0.00 3.310 3739 3.309 3659  1   45.0
0.7 0.006 2.0 1.0 0.01 3.325 3726 3.324 3633  1   46.7
0.7 0.006 2.0 1.0 0.02 3.345 3709 3.344 3627  1   49.3
0.7 0.006 2.0 1.0 0.05 3.400 3662 3.400 3577  1   57.0
0.7 0.006 2.0 1.0 0.10 3.490 3582 3.490 3508  0   72.8
0.7 0.006 2.0 1.0 0.20 3.645 3442 3.645 3294  0  250.9
0.7 0.006 2.0 2.6 0.00 4.090 3555 4.090 3407  0  285.6
0.7 0.006 2.0 2.6 0.01 4.105 3542 4.105 3399  0  297.1
0.7 0.006 2.0 2.6 0.02 4.115 3533 4.115 3392  0  306.1
0.7 0.006 2.0 2.6 0.05 4.160 3493 4.160 3354  0  349.2
0.7 0.006 2.0 2.6 0.10 4.210 3447 4.209 3258  0  412.8
0.7 0.006 2.0 2.6 0.20 4.285 3379 4.284 3180  0  508.3
0.7 0.006 2.5 1.0 0.00 3.400 3938 3.393 3825  1   44.5
0.7 0.006 2.5 1.0 0.01 3.415 3926 3.409 3821  1   46.3
0.7 0.006 2.5 1.0 0.02 3.435 3909 3.429 3808  1   48.8
0.7 0.006 2.5 1.0 0.05 3.475 3878 3.470 3780  1   54.0
0.7 0.006 2.5 1.0 0.10 3.565 3806 3.562 3710  1   68.4
0.7 0.006 2.5 1.0 0.20 3.705 3695 3.705 3543  0  221.5
0.7 0.006 2.5 2.6 0.00 4.150 3790 4.149 3606  0  264.5
0.7 0.006 2.5 2.6 0.01 4.170 3774 4.170 3583  0  282.4
0.7 0.006 2.5 2.6 0.02 4.180 3766 4.180 3574  0  290.6
0.7 0.006 2.5 2.6 0.05 4.220 3734 4.219 3542  0  324.3
0.7 0.006 2.5 2.6 0.10 4.275 3691 4.274 3488  0  381.8
0.7 0.006 2.5 2.6 0.20 4.340 3637 4.340 3402  0  460.1
0.7 0.010 1.5 1.0 0.00 3.205 3249 3.212 3215  1   56.5
0.7 0.010 1.5 1.0 0.01 3.210 3244 3.217 3211  1   57.1
0.7 0.010 1.5 1.0 0.02 3.210 3244 3.218 3210  1   57.0
0.7 0.010 1.5 1.0 0.05 3.225 3230 3.233 3193  1   59.5
0.7 0.010 1.5 1.0 0.10 3.445 3017 3.449 2955  0  226.5
0.7 0.010 1.5 1.0 0.20 3.520 2944 3.523 2874  0  296.5
0.7 0.010 1.5 2.6 0.00 3.975 3076 3.975 3001  1  159.3
0.7 0.010 1.5 2.6 0.01 3.980 3070 3.979 2999  1  161.3
0.7 0.010 1.5 2.6 0.02 3.985 3066 3.985 2996  1  163.5
0.7 0.010 1.5 2.6 0.05 4.005 3047 4.004 2982  1  173.2
0.7 0.010 1.5 2.6 0.10 4.205 2862 4.204 2769  0  729.5
0.7 0.010 1.5 2.6 0.20 4.215 2854 4.213 2729  0  804.4
0.7 0.010 2.0 1.0 0.00 3.325 3560 3.324 3478  1   54.2
0.7 0.010 2.0 1.0 0.01 3.340 3546 3.338 3465  1   56.1
0.7 0.010 2.0 1.0 0.02 3.350 3536 3.348 3457  1   57.8
0.7 0.010 2.0 1.0 0.05 3.390 3499 3.389 3417  1   64.3
0.7 0.010 2.0 1.0 0.10 3.535 3362 3.535 3258  1   94.2
0.7 0.010 2.0 1.0 0.20 3.635 3265 3.635 3099  0  289.5
0.7 0.010 2.0 2.6 0.00 4.095 3378 4.097 3241  0  339.1
0.7 0.010 2.0 2.6 0.01 4.105 3367 4.106 3234  0  349.7
0.7 0.010 2.0 2.6 0.02 4.110 3363 4.112 3229  0  353.4
0.7 0.010 2.0 2.6 0.05 4.150 3325 4.150 3172  0  409.7
0.7 0.010 2.0 2.6 0.10 4.195 3282 4.194 3051  0  464.2
0.7 0.010 2.0 2.6 0.20 4.270 3213 4.269 3021  0  594.7
0.7 0.010 2.5 1.0 0.00 3.390 3800 3.382 3687  1   49.1
0.7 0.010 2.5 1.0 0.01 3.405 3787 3.398 3679  1   51.3
0.7 0.010 2.5 1.0 0.02 3.425 3771 3.419 3665  1   53.9
0.7 0.010 2.5 1.0 0.05 3.480 3725 3.474 3604  1   62.9
0.7 0.010 2.5 1.0 0.10 3.575 3643 3.573 3539  1   81.3
0.7 0.010 2.5 1.0 0.20 3.720 3515 3.720 3300  0  276.9
0.7 0.010 2.5 2.6 0.00 4.150 3641 4.150 3441  0  305.4
0.7 0.010 2.5 2.6 0.01 4.170 3624 4.170 3422  0  321.7
0.7 0.010 2.5 2.6 0.02 4.185 3611 4.185 3407  0  339.5
0.7 0.010 2.5 2.6 0.05 4.225 3576 4.225 3366  0  380.5
0.7 0.010 2.5 2.6 0.10 4.270 3536 4.270 3293  0  436.4
0.7 0.010 2.5 2.6 0.20 4.320 3491 4.320 3211  0  518.7
0.8 0.002 1.5 1.0 0.00 3.165 3716 3.173 3686  1   34.3
0.8 0.002 1.5 1.0 0.01 3.205 3684 3.216 3651  1   38.0
0.8 0.002 1.5 1.0 0.02 3.215 3675 3.228 3641  1   38.7
0.8 0.002 1.5 1.0 0.05 3.220 3672 3.227 3644  1   39.3
0.8 0.002 1.5 1.0 0.10 3.250 3647 3.256 3616  1   42.1
0.8 0.002 1.5 1.0 0.20 3.500 3435 3.500 3385  1   79.4
0.8 0.002 1.5 2.6 0.00 3.990 3513 3.990 3456  0  226.3
0.8 0.002 1.5 2.6 0.01 3.995 3509 3.996 3453  0  229.1
0.8 0.002 1.5 2.6 0.02 4.000 3505 4.000 3449  0  233.8
0.8 0.002 1.5 2.6 0.05 4.035 3475 4.035 3407  0  262.1
0.8 0.002 1.5 2.6 0.10 4.090 3429 4.090 3351  1  141.5
0.8 0.002 1.5 2.6 0.20 4.230 3312 4.230 3244  1  205.7
0.8 0.002 2.0 1.0 0.00 3.285 3987 3.289 3921  1   34.2
0.8 0.002 2.0 1.0 0.01 3.295 3979 3.300 3911  1   35.3
0.8 0.002 2.0 1.0 0.02 3.315 3964 3.319 3890  1   36.9
0.8 0.002 2.0 1.0 0.05 3.355 3933 3.356 3867  1   40.5
0.8 0.002 2.0 1.0 0.10 3.465 3849 3.463 3788  1   53.3
0.8 0.002 2.0 1.0 0.20 3.620 3728 3.620 3679  1   77.6
0.8 0.002 2.0 2.6 0.00 4.070 3812 4.069 3704  1  104.8
0.8 0.002 2.0 2.6 0.01 4.080 3804 4.080 3699  1  108.0
0.8 0.002 2.0 2.6 0.02 4.100 3788 4.100 3683  1  114.2
0.8 0.002 2.0 2.6 0.05 4.135 3761 4.135 3657  0  252.6
0.8 0.002 2.0 2.6 0.10 4.200 3710 4.200 3586  1  143.1
0.8 0.002 2.0 2.6 0.20 4.295 3636 4.295 3538  0  417.8
0.8 0.002 2.5 1.0 0.00 3.405 4163 3.402 4067  1   37.4
0.8 0.002 2.5 1.0 0.01 3.420 4150 3.417 4054  1   38.9
0.8 0.002 2.5 1.0 0.02 3.435 4137 3.431 4037  1   40.2
0.8 0.002 2.5 1.0 0.05 3.480 4099 3.475 4001  1   45.0
0.8 0.002 2.5 1.0 0.10 3.565 4029 3.562 3955  1   55.5
0.8 0.002 2.5 1.0 0.20 3.705 3919 3.705 3911  1   76.4
0.8 0.002 2.5 2.6 0.00 4.160 3994 4.159 3820  1  108.0
0.8 0.002 2.5 2.6 0.01 4.170 3987 4.170 3832  1  110.9
0.8 0.002 2.5 2.6 0.02 4.185 3975 4.185 3837  1  114.8
0.8 0.002 2.5 2.6 0.05 4.225 3945 4.225 3820  0  258.0
0.8 0.002 2.5 2.6 0.10 4.270 3910 4.270 3780  0  295.5
0.8 0.002 2.5 2.6 0.20 4.375 3832 4.375 3635  0  412.8
0.8 0.006 1.5 1.0 0.00 3.145 3394 3.157 3361  1   43.8
0.8 0.006 1.5 1.0 0.01 3.145 3394 3.155 3364  1   43.8
0.8 0.006 1.5 1.0 0.02 3.145 3394 3.154 3366  1   43.6
0.8 0.006 1.5 1.0 0.05 3.175 3367 3.182 3338  1   47.1
0.8 0.006 1.5 1.0 0.10 3.215 3330 3.220 3299  1   52.4
0.8 0.006 1.5 1.0 0.20 3.485 3074 3.485 3028  1  108.1
0.8 0.006 1.5 2.6 0.00 3.955 3189 3.956 3135  0  289.8
0.8 0.006 1.5 2.6 0.01 3.960 3184 3.961 3128  0  296.5
0.8 0.006 1.5 2.6 0.02 3.965 3180 3.967 3122  0  301.9
0.8 0.006 1.5 2.6 0.05 3.985 3162 3.985 3098  1  149.1
0.8 0.006 1.5 2.6 0.10 4.140 3020 4.140 2961  1  225.7
0.8 0.006 1.5 2.6 0.20 4.210 2958 4.210 2870  0  662.9
0.8 0.006 2.0 1.0 0.00 3.250 3708 3.251 3615  1   40.8
0.8 0.006 2.0 1.0 0.01 3.275 3686 3.274 3606  1   43.3
0.8 0.006 2.0 1.0 0.02 3.290 3673 3.288 3596  1   44.8
0.8 0.006 2.0 1.0 0.05 3.330 3638 3.328 3566  1   49.8
0.8 0.006 2.0 1.0 0.10 3.515 3471 3.514 3416  0  165.4
0.8 0.006 2.0 1.0 0.20 3.620 3374 3.620 3330  1  105.8
0.8 0.006 2.0 2.6 0.00 4.075 3488 4.075 3366  0  289.8
0.8 0.006 2.0 2.6 0.01 4.080 3483 4.080 3359  1  148.1
0.8 0.006 2.0 2.6 0.02 4.090 3475 4.090 3347  0  308.3
0.8 0.006 2.0 2.6 0.05 4.125 3443 4.125 3307  1  158.8
0.8 0.006 2.0 2.6 0.10 4.175 3397 4.175 3262  1  181.4
0.8 0.006 2.0 2.6 0.20 4.285 3297 4.284 3121  0  562.5
0.8 0.006 2.5 1.0 0.00 3.350 3899 3.346 3800  1   41.6
0.8 0.006 2.5 1.0 0.01 3.365 3887 3.361 3787  1   43.0
0.8 0.006 2.5 1.0 0.02 3.380 3875 3.376 3774  1   44.7
0.8 0.006 2.5 1.0 0.05 3.440 3827 3.435 3721  1   52.0
0.8 0.006 2.5 1.0 0.10 3.565 3728 3.563 3643  1   71.7
0.8 0.006 2.5 1.0 0.20 3.720 3600 3.720 3599  1  102.9
0.8 0.006 2.5 2.6 0.00 4.135 3730 4.134 3584  0  263.3
0.8 0.006 2.5 2.6 0.01 4.150 3718 4.150 3574  0  274.7
0.8 0.006 2.5 2.6 0.02 4.160 3710 4.160 3561  1  141.9
0.8 0.006 2.5 2.6 0.05 4.190 3686 4.190 3528  0  312.8
0.8 0.006 2.5 2.6 0.10 4.240 3646 4.240 3472  0  372.2
0.8 0.006 2.5 2.6 0.20 4.350 3555 4.349 3311  0  517.0
0.8 0.010 1.5 1.0 0.00 3.105 3254 3.115 3227  1   46.3
0.8 0.010 1.5 1.0 0.01 3.110 3249 3.119 3223  1   46.8
0.8 0.010 1.5 1.0 0.02 3.130 3231 3.139 3204  1   49.4
0.8 0.010 1.5 1.0 0.05 3.145 3217 3.153 3190  1   51.2
0.8 0.010 1.5 1.0 0.10 3.425 2944 3.426 2889  1  108.7
0.8 0.010 1.5 1.0 0.20 3.475 2893 3.475 2835  0  287.5
0.8 0.010 1.5 2.6 0.00 3.925 3040 3.928 2975  0  321.8
0.8 0.010 1.5 2.6 0.01 3.935 3030 3.936 2967  0  329.2
0.8 0.010 1.5 2.6 0.02 3.935 3030 3.936 2972  0  329.2
0.8 0.010 1.5 2.6 0.05 4.130 2846 4.130 2774  1  257.2
0.8 0.010 1.5 2.6 0.10 4.160 2820 4.160 2745  0  775.8
0.8 0.010 1.5 2.6 0.20 4.240 2750 4.240 2681  0 1079.0
0.8 0.010 2.0 1.0 0.00 3.255 3535 3.255 3463  1   47.4
0.8 0.010 2.0 1.0 0.01 3.285 3508 3.283 3441  1   51.2
0.8 0.010 2.0 1.0 0.02 3.300 3493 3.298 3428  1   53.2
0.8 0.010 2.0 1.0 0.05 3.440 3361 3.439 3286  1   78.8
0.8 0.010 2.0 1.0 0.10 3.520 3282 3.519 3203  1   96.8
0.8 0.010 2.0 1.0 0.20 3.605 3198 3.605 3199  1  121.4
0.8 0.010 2.0 2.6 0.00 4.065 3321 4.065 3193  0  338.4
0.8 0.010 2.0 2.6 0.01 4.075 3311 4.075 3183  0  350.7
0.8 0.010 2.0 2.6 0.02 4.080 3307 4.080 3180  0  356.5
0.8 0.010 2.0 2.6 0.05 4.110 3279 4.110 3145  1  177.7
0.8 0.010 2.0 2.6 0.10 4.195 3200 4.195 2954  0  516.0
0.8 0.010 2.0 2.6 0.20 4.270 3132 4.270 2945  0  647.1
0.8 0.010 2.5 1.0 0.00 3.335 3764 3.329 3652  1   45.3
0.8 0.010 2.5 1.0 0.01 3.360 3744 3.353 3626  1   48.5
0.8 0.010 2.5 1.0 0.02 3.390 3719 3.383 3600  1   52.4
0.8 0.010 2.5 1.0 0.05 3.480 3642 3.477 3552  1   66.1
0.8 0.010 2.5 1.0 0.10 3.605 3529 3.605 3456  1   90.4
0.8 0.010 2.5 1.0 0.20 3.715 3428 3.715 3226  0  300.1
0.8 0.010 2.5 2.6 0.00 4.140 3572 4.140 3405  0  315.4
0.8 0.010 2.5 2.6 0.01 4.150 3563 4.150 3389  0  325.8
0.8 0.010 2.5 2.6 0.02 4.155 3559 4.155 3384  0  331.8
0.8 0.010 2.5 2.6 0.05 4.180 3537 4.180 3358  0  361.5
0.8 0.010 2.5 2.6 0.10 4.240 3483 4.240 3259  0  447.9
0.8 0.010 2.5 2.6 0.20 4.345 3389 4.344 3120  0  598.6